$ANSIBLE_VAULT;1.1;AES256
36376635653666323665666164643337363731613839623330356462616336616564643230313335
6537323836386532636631373564626634323566616433630a663064643738363061616337396632
61623363346338323633616235356565386133376361646632313234383461326633353538333435
6262386338323434610a623434306535633166306166326436396538643732343930653436653030
62393634366663356464663035366465616261333335643836613565383533333265396233376634
38666633626362343633393832616535323033653537633936366239366161323666383337313063
34323431666137366561666336633864613665323861613366316437393664636431303836316239
38326439646539353235396631333631636637396362616131356133303233333966343834653666
37303763396662353862373362343635396637353966663532343265346630626132353939316661
64633561383439623439346331653838656462343363353064323839303533623064623361356230
39613433623137313231613065663865363563643663616536643138353466383565373066353634
35663738646262333133613933373066323037613765636235386362343664336366613838316633
66356631366466363134383139346662383937346239376237643833623766373632
